0,2047200.0,1310,power outage
0,3823200.0,328,dst-upgrd/instl os sftw
0,4275600.0,38,os
0,5983260.0,259,disk io
0,8481600.0,385,dst-scan for errors /scratch
0,13352400.0,5,parallel file system
0,14126400.0,380,other software
0,17416800.0,45,network
0,20427240.0,123,cpu
0,25986000.0,87,parallel file system
0,31278720.0,468,cpu
0,32001600.0,285,pci backplane
0,37208100.0,745,power outage
0,43228800.0,1825,scheduler software
0,45188700.0,243,cpu
0,47347200.0,575,san controller
0,51287100.0,193,chillers
0,51840300.0,107,other software
0,53839800.0,480,network
0,63297420.0,21,cpu
1,13349040.0,236,cpu
1,40305420.0,33,pci fibre channel adapter
1,47566500.0,10,cluster file system
2,4061100.0,28,os
2,37146300.0,60,cpu
2,49114800.0,35,cpu
3,32435760.0,20,cpu
3,39820500.0,27,cpu
4,58353660.0,56,cpu
5,908820.0,179,cpu
6,3172560.0,16,os
6,6730200.0,68,fan
6,41350860.0,2680,cpu
6,50071800.0,34,cpu
7,3459900.0,127,os
9,3554460.0,18,os
9,20518320.0,37,disk drive
9,32799540.0,124,disk drive
9,39222300.0,29,cpu
9,41282700.0,24,cpu
11,3207840.0,13,cpu
11,41197560.0,11,ethernet cable
11,62384940.0,174,system board
12,12879480.0,57,cpu
12,41200200.0,36,cpu
13,1027320.0,173,cpu
13,1061700.0,171,interconnect cable
13,3684540.0,71,cpu
13,5431620.0,36,cpu
13,39605400.0,130,cpu
13,41116080.0,28,cpu
14,56914500.0,20,cpu
15,41890440.0,25,cpu
15,50624100.0,857,disk drive
16,4972860.0,75,cpu
16,30974340.0,31,cpu
17,26885040.0,182,cpu
17,37087200.0,15,cpu
18,16128600.0,19,cpu
18,59783520.0,69,cpu
20,18413580.0,35,cpu
20,33888180.0,73,cpu
21,9025200.0,10,cpu
21,9944400.0,175,cpu
22,12520800.0,34,cpu
22,38968560.0,28,cpu
22,61137540.0,62,cpu
23,2369280.0,298,cpu
23,8768820.0,111,cpu
23,29496180.0,1710,disk drive
23,33300600.0,48,cpu
24,62004780.0,70,cpu
25,29947740.0,163,cpu
26,12463080.0,21,cpu
27,61861140.0,298,cpu
27,61881480.0,153,system board
27,62804820.0,19,cpu
30,11377440.0,12,cpu
30,25667400.0,22,cpu
31,3718500.0,106,memory dimm
32,13268400.0,4,parallel file system
32,33314520.0,58,pci gbit ethernet board
32,43215780.0,24,parallel file system
32,55310280.0,340,undetermined
34,1080660.0,64,ethernet switch
34,35243880.0,24,cpu
35,1182900.0,3,os
35,4246260.0,527,os
35,32477700.0,50,cpu
36,19276320.0,17,cpu
37,1778580.0,37,pci fibre channel adapter
37,3461400.0,67,os
37,10882560.0,724,disk drive
37,25101540.0,121,cpu
37,30984540.0,41,cpu
37,31320000.0,15,cpu
37,34561200.0,39,cpu
37,58894200.0,5,os
38,9256200.0,670,disk drive
38,59951520.0,14,cpu
39,13974360.0,27,1 gbit ethernet card
39,33324840.0,40,cpu
39,33420780.0,15,undetermined
40,2921640.0,12,os
40,21691560.0,84,memory dimm
40,33936840.0,94,cpu
41,966300.0,75,cpu
41,9659880.0,53,cpu
41,14265360.0,104,cpu
41,19921800.0,17,cpu
41,49416540.0,45,cpu
42,12461220.0,264,cpu
42,61739100.0,67,cpu
43,37098660.0,44,cpu
44,13835100.0,8,os
44,15249480.0,39,cpu
44,57579240.0,39,cpu
46,2432700.0,235,cpu
46,16074900.0,152,cpu
46,35155980.0,14,cpu
46,60415800.0,49,cpu
48,2935260.0,23,os
48,30894060.0,194,memory dimm
48,32880360.0,61,cpu
49,21936180.0,57,cpu
50,4066080.0,16,os
50,33414780.0,34,cpu
50,59266140.0,47,cpu
51,10184100.0,40,disk drive
51,20857560.0,33,cpu
52,4062900.0,7,os
52,23823000.0,23,cpu
53,23620260.0,69,cpu
54,3480660.0,17,os
54,27478860.0,21,cpu
54,52964640.0,16,cpu
54,60087060.0,108,cpu
56,3767760.0,71,cpu
57,51225780.0,149,disk drive
59,41880600.0,20,cpu
60,14683800.0,15,cpu
61,14000640.0,22,cpu
61,21218400.0,103,cpu
61,49983060.0,25,cpu
61,51995460.0,99,cpu
61,62655180.0,28,cpu
62,11252580.0,69,cpu
62,11729220.0,46,cpu
63,26801700.0,19,cpu
63,31405920.0,18,undetermined
64,4275600.0,38,os
65,38209680.0,95,cpu
65,61287600.0,160,disk drive
66,1808460.0,42,os
66,2950800.0,24,os
66,3047400.0,40,os
66,3099420.0,12,os
66,3172500.0,77,os
66,3304500.0,10,os
66,5279880.0,50,os
66,5647980.0,17,os
66,19127280.0,10,cpu
66,24859140.0,50,cpu
67,5591700.0,20,cpu
67,19683840.0,34,cpu
67,27532380.0,28,cpu
67,37311120.0,110,cpu
68,37504800.0,15,cpu
68,62468400.0,55,cpu
69,3465660.0,9,os
71,3378600.0,16,os
71,62843460.0,324,os
72,49019160.0,46,cpu
73,1416540.0,13,power supply
73,8387400.0,24,os
74,5287980.0,24,cpu
74,45964500.0,15,cpu
75,982560.0,234,cpu
75,39018300.0,198,cpu
75,41149920.0,60,cpu
75,62410620.0,48,cpu
76,5925180.0,52,cpu
77,4225500.0,15,cpu
77,16315560.0,46,cpu
77,22160760.0,77,memory dimm
77,24907740.0,166,cpu
78,3726900.0,17,os
78,63464400.0,22,cpu
79,54123600.0,160,undetermined
79,54137700.0,60,undetermined
80,3727980.0,85,other software
80,5622600.0,202,os
80,10465140.0,52,cpu
80,49694400.0,227,cpu
80,50512200.0,49,cpu
80,54124800.0,140,undetermined
81,9565020.0,53,cpu
82,14988600.0,55,power supply
83,9409800.0,790,disk drive
83,13925700.0,366,disk drive
83,13951800.0,63,disk drive
84,6611100.0,5,other software
84,53815800.0,62,cpu
84,55245540.0,35,cpu
85,20205540.0,22,cpu
85,52611660.0,39,cpu
86,12120180.0,92,cpu
87,30776400.0,28,cpu
87,38458200.0,218,cpu
87,48517560.0,74,cpu
88,3004440.0,8,os
88,3047580.0,54,interconnect interface
88,37751280.0,42,cpu
89,38674800.0,40,cpu
90,5530800.0,12,os
90,7163400.0,90,cpu
90,54998100.0,23,os
91,2927460.0,12,os
92,15815700.0,30,cpu
92,16992300.0,72,cpu
92,37630800.0,55,cpu
93,3372000.0,13,os
93,35990760.0,78,cpu
94,3047580.0,54,interconnect interface
94,17525820.0,62,cpu
94,20449620.0,108,cpu
94,52001460.0,24,cpu
94,58765620.0,139,memory dimm
95,3047040.0,135,interconnect interface
96,4275600.0,38,os
96,52358460.0,285,undetermined
96,55757100.0,238,pci fibre channel adapter
96,59198280.0,84,os
97,31630320.0,43,cpu
97,50137380.0,242,pci fibre channel adapter
99,3722160.0,10,os
99,11377440.0,11,cpu
100,18344400.0,5,other software
101,1245240.0,198,memory dimm
101,47878860.0,68,cpu
101,53985960.0,24,cpu
102,3726060.0,9,os
102,4063440.0,8,os
102,51709020.0,28,cpu
102,55105860.0,76,cpu
103,51034020.0,33,cpu
104,13054260.0,43,cpu
104,57477660.0,53,cpu
105,28299900.0,75,undetermined
105,33452100.0,139,disk drive
106,35391600.0,75,cpu
107,13223040.0,586,os
107,40505340.0,103,cpu
108,26295900.0,52,cpu
108,62125260.0,8,cpu
109,11602440.0,11,cpu
109,16904640.0,30,cpu
109,31107180.0,30,cpu
109,49749600.0,34,cpu
109,61554060.0,139,disk drive
110,14990400.0,60,power supply
111,8389320.0,3,os
111,17859780.0,62,cpu
112,5478840.0,204,interconnect interface
112,46263540.0,81,cpu
112,51863340.0,40,cpu
112,57409740.0,67,cpu
112,58416660.0,72,cpu
113,11016000.0,50,memory dimm
113,39213660.0,19,cpu
113,58957740.0,39,cpu
114,40047480.0,34,human error
114,50169780.0,50,cpu
115,22742340.0,91,memory dimm
115,41302020.0,4930,disk drive
116,3741960.0,24,os
116,26085060.0,154,cpu
116,62593500.0,56,cpu
117,6946500.0,310,memory dimm
118,50661600.0,34,scheduler software
119,3559440.0,13,os
119,7904220.0,22,cpu
120,3954000.0,107,cpu
120,63045600.0,33,cpu
120,63161580.0,337,memory dimm
121,7832640.0,51,cpu
121,10511460.0,31,cpu
122,2835600.0,193,cpu
122,22748280.0,29,cpu
122,33318660.0,20,pci gbit ethernet board
122,58282920.0,40,cpu
123,48455040.0,42,cpu
124,40313880.0,69,cpu
126,3073260.0,92,cpu
126,37165980.0,306,cpu
126,43815780.0,202,cpu
126,45002040.0,120,cpu
127,4408200.0,106,cpu
127,50277720.0,39,cpu
